=== DATASET OVERVIEW (INFO) ===
<class 'pandas.core.frame.DataFrame'>
RangeIndex: 30000 entries, 0 to 29999
Data columns (total 25 columns):
 #   Column     Non-Null Count  Dtype 
---  ------     --------------  ----- 
 0   LIMIT_BAL  30000 non-null  int64 
 1   SEX        30000 non-null  int64 
 2   EDUCATION  30000 non-null  int64 
 3   MARRIAGE   30000 non-null  int64 
 4   AGE        30000 non-null  int64 
 5   PAY_1      30000 non-null  int64 
 6   PAY_2      30000 non-null  int64 
 7   PAY_3      30000 non-null  int64 
 8   PAY_4      30000 non-null  int64 
 9   PAY_5      30000 non-null  int64 
 10  PAY_6      30000 non-null  int64 
 11  BILL_AMT1  30000 non-null  int64 
 12  BILL_AMT2  30000 non-null  int64 
 13  BILL_AMT3  30000 non-null  int64 
 14  BILL_AMT4  30000 non-null  int64 
 15  BILL_AMT5  30000 non-null  int64 
 16  BILL_AMT6  30000 non-null  int64 
 17  PAY_AMT1   30000 non-null  int64 
 18  PAY_AMT2   30000 non-null  int64 
 19  PAY_AMT3   30000 non-null  int64 
 20  PAY_AMT4   30000 non-null  int64 
 21  PAY_AMT5   30000 non-null  int64 
 22  PAY_AMT6   30000 non-null  int64 
 23  default    30000 non-null  int64 
 24  Label      30000 non-null  object
dtypes: int64(24), object(1)
memory usage: 5.7+ MB


=== MISSING VALUES (ISNA) ===
LIMIT_BAL    0
SEX          0
EDUCATION    0
MARRIAGE     0
AGE          0
PAY_1        0
PAY_2        0
PAY_3        0
PAY_4        0
PAY_5        0
PAY_6        0
BILL_AMT1    0
BILL_AMT2    0
BILL_AMT3    0
BILL_AMT4    0
BILL_AMT5    0
BILL_AMT6    0
PAY_AMT1     0
PAY_AMT2     0
PAY_AMT3     0
PAY_AMT4     0
PAY_AMT5     0
PAY_AMT6     0
default      0
Label        0

=== NUMERICAL SUMMARY (DESCRIBE) ===
            LIMIT_BAL           SEX     EDUCATION      MARRIAGE           AGE         PAY_1         PAY_2         PAY_3         PAY_4         PAY_5         PAY_6      BILL_AMT1      BILL_AMT2     BILL_AMT3      BILL_AMT4      BILL_AMT5      BILL_AMT6       PAY_AMT1      PAY_AMT2      PAY_AMT3       PAY_AMT4       PAY_AMT5       PAY_AMT6       default
count    30000.000000  30000.000000  30000.000000  30000.000000  30000.000000  30000.000000  30000.000000  30000.000000  30000.000000  30000.000000  30000.000000   30000.000000   30000.000000  3.000000e+04   30000.000000   30000.000000   30000.000000   30000.000000  3.000000e+04   30000.00000   30000.000000   30000.000000   30000.000000  30000.000000
mean    167484.322667      1.603733      1.842267      1.557267     35.485500     -0.016700     -0.133767     -0.166200     -0.220667     -0.266200     -0.291100   51223.330900   49179.075167  4.701315e+04   43262.948967   40311.400967   38871.760400    5663.580500  5.921163e+03    5225.68150    4826.076867    4799.387633    5215.502567      0.221200
std     129747.661567      0.489129      0.744494      0.521405      9.217904      1.123802      1.197186      1.196868      1.169139      1.133187      1.149988   73635.860576   71173.768783  6.934939e+04   64332.856134   60797.155770   59554.107537   16563.280354  2.304087e+04   17606.96147   15666.159744   15278.305679   17777.465775      0.415062
min      10000.000000      1.000000      1.000000      1.000000     21.000000     -2.000000     -2.000000     -2.000000     -2.000000     -2.000000     -2.000000 -165580.000000  -69777.000000 -1.572640e+05 -170000.000000  -81334.000000 -339603.000000       0.000000  0.000000e+00       0.00000       0.000000       0.000000       0.000000      0.000000
25%      50000.000000      1.000000      1.000000      1.000000     28.000000     -1.000000     -1.000000     -1.000000     -1.000000     -1.000000     -1.000000    3558.750000    2984.750000  2.666250e+03    2326.750000    1763.000000    1256.000000    1000.000000  8.330000e+02     390.00000     296.000000     252.500000     117.750000      0.000000
50%     140000.000000      2.000000      2.000000      2.000000     34.000000      0.000000      0.000000      0.000000      0.000000      0.000000      0.000000   22381.500000   21200.000000  2.008850e+04   19052.000000   18104.500000   17071.000000    2100.000000  2.009000e+03    1800.00000    1500.000000    1500.000000    1500.000000      0.000000
75%     240000.000000      2.000000      2.000000      2.000000     41.000000      0.000000      0.000000      0.000000      0.000000      0.000000      0.000000   67091.000000   64006.250000  6.016475e+04   54506.000000   50190.500000   49198.250000    5006.000000  5.000000e+03    4505.00000    4013.250000    4031.500000    4000.000000      0.000000
max    1000000.000000      2.000000      4.000000      3.000000     79.000000      8.000000      8.000000      8.000000      8.000000      8.000000      8.000000  964511.000000  983931.000000  1.664089e+06  891586.000000  927171.000000  961664.000000  873552.000000  1.684259e+06  896040.00000  621000.000000  426529.000000  528666.000000      1.000000

=== VALUE COUNTS (CATEGORICAL) ===

--- SEX ---
SEX
2    18112
1    11888
--- EDUCATION ---
EDUCATION
2    14030
1    10585
3     4917
4      468
--- MARRIAGE ---
MARRIAGE
2    15964
1    13659
3      377
--- Label ---
Label
Non-Churn    23364
Churn         6636
--- default ---
default
0    23364
1     6636

=== CORRELATION MATRIX (NUMERICAL) ===
           LIMIT_BAL       SEX  EDUCATION  MARRIAGE       AGE     PAY_1     PAY_2     PAY_3     PAY_4     PAY_5     PAY_6  BILL_AMT1  BILL_AMT2  BILL_AMT3  BILL_AMT4  BILL_AMT5  BILL_AMT6  PAY_AMT1  PAY_AMT2  PAY_AMT3  PAY_AMT4  PAY_AMT5  PAY_AMT6   default
LIMIT_BAL   1.000000  0.024755  -0.231088 -0.111012  0.144713 -0.271214 -0.296382 -0.286123 -0.267460 -0.249411 -0.235195   0.285430   0.278314   0.283236   0.293988   0.295562   0.290389  0.195236  0.178408  0.210167  0.203242  0.217202  0.219595 -0.153520
SEX         0.024755  1.000000   0.013627 -0.028522 -0.090874 -0.057643 -0.070771 -0.066096 -0.060173 -0.055064 -0.044008  -0.033642  -0.031183  -0.024563  -0.021880  -0.017005  -0.016733 -0.000242 -0.001391 -0.008597 -0.002229 -0.001667 -0.002766 -0.039961
EDUCATION  -0.231088  0.013627   1.000000 -0.136797  0.182434  0.112593  0.129703  0.122425  0.116531  0.104088  0.088986   0.016597   0.011980   0.006714  -0.006131  -0.012439  -0.012646 -0.041088 -0.032793 -0.044293 -0.040949 -0.045138 -0.044061  0.033842
MARRIAGE   -0.111012 -0.028522  -0.136797  1.000000 -0.412001  0.018557  0.023620  0.032399  0.031831  0.034377  0.033168  -0.027832  -0.025294  -0.029082  -0.027274  -0.029270  -0.025066 -0.004653 -0.009513 -0.004250 -0.013970 -0.003019 -0.008383 -0.027575
AGE         0.144713 -0.090874   0.182434 -0.412001  1.000000 -0.039447 -0.050148 -0.053048 -0.049722 -0.053826 -0.048773   0.056239   0.054283   0.053710   0.051353   0.049345   0.047613  0.026147  0.021785  0.029247  0.021379  0.022850  0.019478  0.013890
PAY_1      -0.271214 -0.057643   0.112593  0.018557 -0.039447  1.000000  0.672164  0.574245  0.538841  0.509426  0.474553   0.187068   0.189859   0.179785   0.179125   0.180635   0.176980 -0.079269 -0.070101 -0.070561 -0.064005 -0.058190 -0.058673  0.324794
PAY_2      -0.296382 -0.070771   0.129703  0.023620 -0.050148  0.672164  1.000000  0.766552  0.662067  0.622780  0.575501   0.234887   0.235257   0.224146   0.222237   0.221348   0.219403 -0.080701 -0.058990 -0.055901 -0.046858 -0.037093 -0.036500  0.263551
PAY_3      -0.286123 -0.066096   0.122425  0.032399 -0.053048  0.574245  0.766552  1.000000  0.777359  0.686775  0.632684   0.208473   0.237295   0.227494   0.227202   0.225145   0.222327  0.001295 -0.066793 -0.053311 -0.046067 -0.035863 -0.035861  0.235253
PAY_4      -0.267460 -0.060173   0.116531  0.031831 -0.049722  0.538841  0.662067  0.777359  1.000000  0.819835  0.716449   0.202812   0.225816   0.244983   0.245917   0.242902   0.239154 -0.009362 -0.001944 -0.069235 -0.043461 -0.033590 -0.026565  0.216614
PAY_5      -0.249411 -0.055064   0.104088  0.034377 -0.053826  0.509426  0.622780  0.686775  0.819835  1.000000  0.816900   0.206684   0.226913   0.243335   0.271915   0.269783   0.262509 -0.006089 -0.003191  0.009062 -0.058299 -0.033337 -0.023027  0.204149
PAY_6      -0.235195 -0.044008   0.088986  0.033168 -0.048773  0.474553  0.575501  0.632684  0.716449  0.816900  1.000000   0.207373   0.226924   0.241181   0.266356   0.290894   0.285091 -0.001496 -0.005223  0.005834  0.019018 -0.046434 -0.025299  0.186866
BILL_AMT1   0.285430 -0.033642   0.016597 -0.027832  0.056239  0.187068  0.234887  0.208473  0.202812  0.206684  0.207373   1.000000   0.951484   0.892279   0.860272   0.829779   0.802650  0.140277  0.099355  0.156887  0.158303  0.167026  0.179341 -0.019644
BILL_AMT2   0.278314 -0.031183   0.011980 -0.025294  0.054283  0.189859  0.235257  0.237295  0.225816  0.226913  0.226924   0.951484   1.000000   0.928326   0.892482   0.859778   0.831594  0.280365  0.100851  0.150718  0.147398  0.157957  0.174256 -0.014193
BILL_AMT3   0.283236 -0.024563   0.006714 -0.029082  0.053710  0.179785  0.224146  0.227494  0.244983  0.243335  0.241181   0.892279   0.928326   1.000000   0.923969   0.883910   0.853320  0.244335  0.316936  0.130011  0.143405  0.179712  0.182326 -0.014076
BILL_AMT4   0.293988 -0.021880  -0.006131 -0.027274  0.051353  0.179125  0.222237  0.227202  0.245917  0.271915  0.266356   0.860272   0.892482   0.923969   1.000000   0.940134   0.900941  0.233012  0.207564  0.300023  0.130191  0.160433  0.177637 -0.010156
BILL_AMT5   0.295562 -0.017005  -0.012439 -0.029270  0.049345  0.180635  0.221348  0.225145  0.242902  0.269783  0.290894   0.829779   0.859778   0.883910   0.940134   1.000000   0.946197  0.217031  0.181246  0.252305  0.293118  0.141574  0.164184 -0.006760
BILL_AMT6   0.290389 -0.016733  -0.012646 -0.025066  0.047613  0.176980  0.219403  0.222327  0.239154  0.262509  0.285091   0.802650   0.831594   0.853320   0.900941   0.946197   1.000000  0.199965  0.172663  0.233770  0.250237  0.307729  0.115494 -0.005372
PAY_AMT1    0.195236 -0.000242  -0.041088 -0.004653  0.026147 -0.079269 -0.080701  0.001295 -0.009362 -0.006089 -0.001496   0.140277   0.280365   0.244335   0.233012   0.217031   0.199965  1.000000  0.285576  0.252191  0.199558  0.148459  0.185735 -0.072929
PAY_AMT2    0.178408 -0.001391  -0.032793 -0.009513  0.021785 -0.070101 -0.058990 -0.066793 -0.001944 -0.003191 -0.005223   0.099355   0.100851   0.316936   0.207564   0.181246   0.172663  0.285576  1.000000  0.244770  0.180107  0.180908  0.157634 -0.058579
PAY_AMT3    0.210167 -0.008597  -0.044293 -0.004250  0.029247 -0.070561 -0.055901 -0.053311 -0.069235  0.009062  0.005834   0.156887   0.150718   0.130011   0.300023   0.252305   0.233770  0.252191  0.244770  1.000000  0.216325  0.159214  0.162740 -0.056250
PAY_AMT4    0.203242 -0.002229  -0.040949 -0.013970  0.021379 -0.064005 -0.046858 -0.046067 -0.043461 -0.058299  0.019018   0.158303   0.147398   0.143405   0.130191   0.293118   0.250237  0.199558  0.180107  0.216325  1.000000  0.151830  0.157834 -0.056827
PAY_AMT5    0.217202 -0.001667  -0.045138 -0.003019  0.022850 -0.058190 -0.037093 -0.035863 -0.033590 -0.033337 -0.046434   0.167026   0.157957   0.179712   0.160433   0.141574   0.307729  0.148459  0.180908  0.159214  0.151830  1.000000  0.154896 -0.055124
PAY_AMT6    0.219595 -0.002766  -0.044061 -0.008383  0.019478 -0.058673 -0.036500 -0.035861 -0.026565 -0.023027 -0.025299   0.179341   0.174256   0.182326   0.177637   0.164184   0.115494  0.185735  0.157634  0.162740  0.157834  0.154896  1.000000 -0.053183
default    -0.153520 -0.039961   0.033842 -0.027575  0.013890  0.324794  0.263551  0.235253  0.216614  0.204149  0.186866  -0.019644  -0.014193  -0.014076  -0.010156  -0.006760  -0.005372 -0.072929 -0.058579 -0.056250 -0.056827 -0.055124 -0.053183  1.000000